epoch 	 learning_rate 	 Precision 	 Recall 	 F1 	 ACC1 
0	0.0004	0.678326589144	0.67828525641	0.678305922148	0.67828525641	
epoch 	 learning_rate 	 Precision 	 Recall 	 F1 	 ACC1 
0	0.0004	0.661481661282	0.661458333333	0.661469997102	0.661458333333	
1	0.0004	0.726765150036	0.726762820513	0.726763985273	0.792067307692	
2	0.0004	0.754035406554	0.754006410256	0.754020908127	0.808493589744	
3	0.0004	0.764443621126	0.764423076923	0.764433348886	0.795673076923	
4	0.0004	0.77676921773	0.776762820513	0.776766019108	0.826121794872	
5	0.0004	0.781951547016	0.781917735043	0.781934640664	0.807692307692	
6	0.0004	0.794099014157	0.794070512821	0.794084763233	0.866987179487	
7	0.0004	0.801447536381	0.801432291667	0.801439913951	0.85296474359	
8	0.0004	0.807168725635	0.807158119658	0.807163422612	0.85296474359	
9	0.0004	0.814555873649	0.814543269231	0.814549571391	0.881009615385	
10	0.0004	0.821138333708	0.821131993007	0.821135163345	0.887019230769	
11	0.0004	0.824869373584	0.824853098291	0.824861235857	0.86578525641	
12	0.0004	0.829894696271	0.829881656805	0.829888176486	0.890224358974	
13	0.0004	0.834490802437	0.834478021978	0.834484412159	0.894230769231	
14	0.0004	0.839567306921	0.839556623932	0.839561965392	0.910657051282	
15	0.0004	0.843206090806	0.84319911859	0.843202604684	0.897836538462	
16	0.0004	0.849153014535	0.849146870287	0.8491499424	0.944310897436	
17	0.0004	0.851880140647	0.851874109687	0.851877125156	0.898237179487	
18	0.0004	0.856682674747	0.856675944669	0.856679309695	0.943108974359	
19	0.0004	0.860923377692	0.860917467949	0.86092042281	0.941506410256	
20	0.0004	0.865390592633	0.865384615385	0.865387603999	0.954727564103	
21	0.0004	0.868482480032	0.868480477855	0.868481478942	0.933493589744	
22	0.0004	0.870543569482	0.870540691193	0.870542130335	0.915865384615	
23	0.0004	0.873583162227	0.873581063034	0.873582112629	0.943509615385	
24	0.0004	0.877165879656	0.877163461538	0.877164670596	0.963141025641	
25	0.0004	0.880826579207	0.880824704142	0.880825641674	0.972355769231	
26	0.0004	0.883994439271	0.883992165242	0.883993302255	0.966346153846	
27	0.0004	0.887264557917	0.887262477106	0.88726351751	0.975560897436	
28	0.0004	0.890281526727	0.890279619805	0.890280573265	0.974759615385	
29	0.0004	0.893283999802	0.89328258547	0.893283292635	0.980368589744	
epoch 	 learning_rate 	 Precision 	 Recall 	 F1 	 ACC1 
0	0.0004	0.982373033708	0.982371794872	0.982372414289	0.982371794872	
1	0.0004	0.981976105113	0.981971153846	0.981973629473	0.981570512821	
2	0.0004	0.979033427223	0.979033119658	0.979033273441	0.973157051282	
3	0.0004	0.976964365971	0.976963141026	0.976963753498	0.970753205128	
4	0.0004	0.977645715071	0.977644230769	0.977644972919	0.980368589744	
5	0.0004	0.969354653082	0.969350961538	0.969352807307	0.927884615385	
6	0.0004	0.968350739767	0.968349358974	0.96835004937	0.96233974359	
7	0.0004	0.968152720552	0.968149038462	0.968150879503	0.966746794872	
8	0.0004	0.969378041222	0.969373219373	0.969375630292	0.979166666667	
9	0.0004	0.970554482835	0.970552884615	0.970553683724	0.981169871795	
epoch 	 learning_rate 	 Precision 	 Recall 	 F1 	 ACC1 
0	0.0004	0.659455537721	0.659455128205	0.659455332963	0.659455128205	
1	0.0004	0.713620668393	0.713541666667	0.713581165343	0.767628205128	
2	0.0004	0.74196136046	0.741853632479	0.741907492558	0.798477564103	
3	0.0004	0.742387820513	0.742387820513	0.742387820513	0.743990384615	
4	0.0004	0.755933273175	0.755929487179	0.755931380172	0.810096153846	
5	0.0004	0.765357924913	0.765357905983	0.765357915448	0.8125	
6	0.0004	0.777360151955	0.777358058608	0.77735910528	0.849358974359	
7	0.0004	0.786010736827	0.786007612179	0.7860091745	0.846554487179	
8	0.0004	0.793937154535	0.793936965812	0.793937060174	0.857371794872	
9	0.0004	0.800921630857	0.800921474359	0.800921552608	0.863782051282	
10	0.0004	0.808821467241	0.808821386946	0.808821427094	0.887820512821	
11	0.0004	0.814703531254	0.814703525641	0.814703528447	0.879407051282	
12	0.0004	0.819372545437	0.819372534517	0.819372539977	0.875400641026	
13	0.0004	0.825320529871	0.825320512821	0.825320521346	0.902644230769	
14	0.0004	0.830155186803	0.83015491453	0.830155050666	0.897836538462	
15	0.0004	0.834009516426	0.834009415064	0.834009465745	0.891826923077	
16	0.0004	0.83792901241	0.837928921569	0.837928966989	0.900641025641	
17	0.0004	0.840546178288	0.840544871795	0.840545525041	0.885016025641	
18	0.0004	0.844067045169	0.844066295547	0.844066670358	0.907451923077	
19	0.0004	0.848638324162	0.848637820513	0.848638072338	0.935496794872	
20	0.0004	0.852545250773	0.85254502442	0.852545137596	0.930689102564	
21	0.0004	0.85638845054	0.856388403263	0.856388426902	0.937099358974	
22	0.0004	0.86031565688	0.860315635452	0.860315646166	0.94671474359	
23	0.0004	0.864065839081	0.864065838675	0.864065838878	0.950320512821	
24	0.0004	0.868109012174	0.868108974359	0.868108993267	0.965144230769	
25	0.0004	0.871625412531	0.871625369822	0.871625391177	0.95953525641	
26	0.0004	0.874955500512	0.87495548433	0.874955492421	0.961538461538	
27	0.0004	0.878033444722	0.878033424908	0.878033434815	0.961137820513	
28	0.0004	0.880857658566	0.880857648099	0.880857653333	0.959935897436	
29	0.0004	0.884054488275	0.884054487179	0.884054487727	0.976762820513	
epoch 	 learning_rate 	 Precision 	 Recall 	 F1 	 ACC1 
0	0.0004	0.663461538462	0.663461538462	0.663461538462	0.663461538462	
1	0.0004	0.714951673339	0.714943910256	0.714947791776	0.766426282051	
2	0.0004	0.746943234479	0.746928418803	0.746935826568	0.810897435897	
3	0.0004	0.767931105012	0.767928685897	0.767929895453	0.830929487179	
4	0.0004	0.779097440705	0.779086538462	0.779091989545	0.823717948718	
5	0.0004	0.785533363221	0.785523504274	0.785528433716	0.817708333333	
6	0.0004	0.793623040673	0.793612637363	0.793617838984	0.842147435897	
7	0.0004	0.802551127578	0.802534054487	0.802542590942	0.864983974359	
8	0.0004	0.808503606013	0.808493589744	0.808498597847	0.856169871795	
9	0.0004	0.815750886959	0.815745192308	0.815748039623	0.881009615385	
epoch 	 learning_rate 	 Precision 	 Recall 	 F1 	 ACC1 
0	0.0004	0.688324981314	0.688301282051	0.688313131479	0.688301282051	
1	0.0004	0.729244528653	0.729166666667	0.729205595582	0.770032051282	
2	0.0004	0.743477474208	0.743456196581	0.743466835243	0.77203525641	
3	0.0004	0.760042113266	0.760016025641	0.76002906923	0.809695512821	
4	0.0004	0.771279685086	0.771233974359	0.771256829045	0.816105769231	
5	0.0004	0.774284809145	0.774238782051	0.774261794914	0.789262820513	
6	0.0004	0.779649302615	0.779590201465	0.77961975092	0.811698717949	
7	0.0004	0.785802731126	0.785757211538	0.785779970673	0.828926282051	
8	0.0004	0.793077375433	0.793046652422	0.79306201363	0.851362179487	
9	0.0004	0.797763470089	0.797716346154	0.797739907426	0.839743589744	
10	0.0004	0.804168513509	0.804122960373	0.804145736296	0.868189102564	
11	0.0004	0.808630311342	0.80859375	0.808612030257	0.857772435897	
12	0.0004	0.814869124218	0.814842209073	0.814855666423	0.889823717949	
13	0.0004	0.820479841157	0.820455586081	0.82046771344	0.893429487179	
14	0.0004	0.823895300194	0.823878205128	0.823886752572	0.871794871795	
15	0.0004	0.826691606518	0.826672676282	0.826682141291	0.86858974359	
16	0.0004	0.832080070703	0.832060708899	0.832070389689	0.918269230769	
17	0.0004	0.836801468255	0.836783297721	0.836792382889	0.917067307692	
18	0.0004	0.840919056973	0.840903340081	0.840911198453	0.915064102564	
19	0.0004	0.845427391616	0.845412660256	0.845420025872	0.93108974359	
epoch 	 learning_rate 	 Precision 	 Recall 	 F1 	 ACC1 
0	0.0008	0.675482571936	0.675480769231	0.675481670582	0.675480769231	
1	0.0008	0.709336582361	0.709334935897	0.709335759128	0.743189102564	
2	0.0008	0.728661253907	0.728632478632	0.728646865986	0.767227564103	
3	0.0008	0.739984937378	0.739983974359	0.739984455868	0.774038461538	
4	0.0008	0.745040207206	0.745032051282	0.745036129222	0.765224358974	
5	0.0008	0.75647904716	0.756477029915	0.756478038536	0.813701923077	
6	0.0008	0.770036141576	0.770032051282	0.770034096423	0.851362179487	
7	0.0008	0.779899591522	0.779897836538	0.779898714029	0.848958333333	
8	0.0008	0.788239620408	0.788238960114	0.788239290261	0.854967948718	
9	0.0008	0.797397026737	0.797395833333	0.797396430035	0.879807692308	
10	0.0008	0.801399839657	0.801391317016	0.801395578314	0.841346153846	
11	0.0008	0.807863097282	0.807859241453	0.807861169363	0.879006410256	
12	0.0008	0.815093971889	0.815088757396	0.815091364635	0.901842948718	
13	0.0008	0.818540537623	0.818538232601	0.81853938511	0.863381410256	
14	0.0008	0.824442325338	0.824439102564	0.824440713948	0.907051282051	
15	0.0008	0.830479962885	0.830478766026	0.830479364455	0.921073717949	
16	0.0008	0.834160267857	0.834158182504	0.834159225179	0.893028846154	
17	0.0008	0.836050198286	0.836048789174	0.836049493729	0.868189102564	
18	0.0008	0.84069393124	0.840692476383	0.840693203811	0.924278846154	
19	0.0008	0.842233057396	0.842227564103	0.84223031074	0.871394230769	
20	0.0008	0.846614636395	0.846611721612	0.846613179001	0.934294871795	
21	0.0008	0.851237610705	0.851234702797	0.851236156749	0.948317307692	
22	0.0008	0.855564177852	0.855560200669	0.855562189256	0.950721153846	
23	0.0008	0.859044668807	0.859041132479	0.859042900639	0.939102564103	
24	0.0008	0.863559849525	0.863557692308	0.863558770915	0.971955128205	
25	0.0008	0.867343253797	0.867341592702	0.867342423249	0.961939102564	
26	0.0008	0.870728283706	0.870726495726	0.870727389715	0.958733974359	
27	0.0008	0.874243102946	0.874241643773	0.874242373359	0.969150641026	
28	0.0008	0.877667553281	0.877666335102	0.877666944191	0.973557692308	
29	0.0008	0.881024048937	0.881022970085	0.881023509511	0.978365384615	
30	0.0008	0.884022215081	0.884020885029	0.884021550055	0.973958333333	
31	0.0008	0.886907639481	0.886906550481	0.88690709498	0.976362179487	
32	0.0008	0.888672932194	0.88867035742	0.888671644805	0.945112179487	
33	0.0008	0.890827118061	0.890825320513	0.890826219286	0.961939102564	
34	0.0008	0.892973280055	0.892971611722	0.892972445887	0.965945512821	
35	0.0008	0.89538962537	0.895388176638	0.895388901004	0.979967948718	
36	0.0008	0.897393963325	0.897392584893	0.897393274108	0.969551282051	
37	0.0008	0.899366836094	0.89936530027	0.899366068181	0.972355769231	
38	0.0008	0.901587689848	0.901586127548	0.901586908697	0.985977564103	
39	0.0008	0.903547228317	0.903545673077	0.903546450696	0.979967948718	
epoch 	 learning_rate 	 Precision 	 Recall 	 F1 	 ACC1 
0	0.0002	0.591760050704	0.591746794872	0.591753422714	0.591746794872	
1	0.0002	0.672943253557	0.672876602564	0.67290992641	0.754006410256	
2	0.0002	0.716637975516	0.716613247863	0.716625611476	0.804086538462	
3	0.0002	0.742828374157	0.742788461538	0.742808417312	0.821314102564	
4	0.0002	0.758817931232	0.758814102564	0.758816016893	0.822916666667	
5	0.0002	0.773375719112	0.773370726496	0.773373222796	0.846153846154	
6	0.0002	0.783836799873	0.783825549451	0.783831174621	0.846554487179	
7	0.0002	0.792270630657	0.792267628205	0.792269129428	0.851362179487	
8	0.0002	0.799948445208	0.799946581197	0.799947513201	0.861378205128	
9	0.0002	0.806014142221	0.806009615385	0.806011878796	0.860576923077	
10	0.0002	0.809915427297	0.809914044289	0.809914735792	0.848958333333	
11	0.0002	0.815706079769	0.815705128205	0.815705603987	0.879407051282	
12	0.0002	0.819404755817	0.819403353057	0.819404054437	0.863782051282	
13	0.0002	0.82355337212	0.823546245421	0.823549808755	0.877403846154	
14	0.0002	0.827352403954	0.82735042735	0.827351415651	0.880608974359	
15	0.0002	0.830857062994	0.830854366987	0.830855714988	0.883413461538	
16	0.0002	0.834961251288	0.834959464555	0.834960357921	0.900641025641	
17	0.0002	0.838367476936	0.838363603989	0.838365540458	0.896233974359	
18	0.0002	0.842128190206	0.842126349528	0.842127269866	0.909855769231	
19	0.0002	0.845855857428	0.845853365385	0.845854611404	0.916666666667	
20	0.0002	0.849264906236	0.849263583639	0.849264244937	0.917467948718	
21	0.0002	0.852638630448	0.852636946387	0.852637788417	0.923477564103	
22	0.0002	0.856501751692	0.85650083612	0.856501293906	0.941506410256	
23	0.0002	0.859660481215	0.859658787393	0.859659634303	0.932291666667	
24	0.0002	0.863030144342	0.863028846154	0.863029495247	0.94391025641	
25	0.0002	0.866525842697	0.866524901381	0.866525372038	0.953926282051	
26	0.0002	0.869836996653	0.869836182336	0.869836589495	0.955929487179	
27	0.0002	0.87158123136	0.871580242674	0.871580737017	0.918669871795	
28	0.0002	0.87408902908	0.874088196286	0.874088612683	0.944310897436	
29	0.0002	0.87728472211	0.877283653846	0.877284187978	0.969951923077	
30	0.0002	0.880105826108	0.880104942101	0.880105384104	0.964743589744	
31	0.0002	0.882825694286	0.882825020032	0.882825357159	0.967147435897	
32	0.0002	0.88524736007	0.885246697747	0.885247028908	0.962740384615	
33	0.0002	0.887738882642	0.887738027903	0.887738455273	0.969951923077	
34	0.0002	0.889927250853	0.889926739927	0.88992699539	0.964342948718	
35	0.0002	0.891660534355	0.891659989316	0.891660261836	0.952323717949	
36	0.0002	0.893159382865	0.893158783784	0.893159083324	0.947115384615	
37	0.0002	0.895222303783	0.89522182861	0.895222066196	0.971554487179	
38	0.0002	0.897015080923	0.897014710717	0.89701489582	0.965144230769	
39	0.0002	0.898738124775	0.898737980769	0.898738052772	0.965945512821	
epoch 	 learning_rate 	 Precision 	 Recall 	 F1 	 ACC1 
0	0.0008	0.679605512094	0.67828525641	0.67894474242	0.67828525641	
1	0.0008	0.704440840159	0.702323717949	0.703380685963	0.726362179487	
2	0.0008	0.735375717112	0.733039529915	0.734205765125	0.794471153846	
3	0.0008	0.716116028412	0.711939102564	0.714021456932	0.648637820513	
4	0.0008	0.72139289872	0.717708333333	0.719545899186	0.74078525641	
5	0.0008	0.738912943162	0.735977564103	0.737442332585	0.827323717949	
6	0.0008	0.74682852603	0.744562728938	0.745693906327	0.796073717949	
7	0.0008	0.75885059952	0.756961137821	0.757904691062	0.84375	
8	0.0008	0.771322184122	0.769720441595	0.770520480442	0.871794871795	
9	0.0008	0.783322412516	0.782011217949	0.782666266074	0.892628205128	
10	0.0008	0.7931005629	0.791885198135	0.792492414548	0.890625	
11	0.0008	0.800893934696	0.799913194444	0.800403264143	0.888221153846	
12	0.0008	0.808332406532	0.807414940828	0.807873413199	0.897435897436	
13	0.0008	0.815118701064	0.814302884615	0.814710588609	0.903846153846	
14	0.0008	0.821443294431	0.820726495726	0.821084738639	0.910657051282	
15	0.0008	0.827234559628	0.82659755609	0.826915935182	0.914663461538	
16	0.0008	0.832966101991	0.832390648567	0.832678275857	0.925080128205	
17	0.0008	0.83766113204	0.837139423077	0.837400196301	0.917868589744	
18	0.0008	0.842096410761	0.841599190283	0.841847727104	0.921875	
19	0.0008	0.846981878644	0.846554487179	0.846768128982	0.940705128205	
epoch 	 learning_rate 	 Precision 	 Recall 	 F1 	 ACC1 
0	0.0004	0.69342537119	0.690705128205	0.69206257664	0.690705128205	
1	0.0004	0.714250244366	0.712540064103	0.713394129305	0.734375	
2	0.0004	0.736849978507	0.735844017094	0.736346654227	0.782451923077	
3	0.0004	0.750648909451	0.75	0.750324314425	0.792467948718	
4	0.0004	0.761249762559	0.760496794872	0.760873092429	0.802483974359	
5	0.0004	0.755776259844	0.755742521368	0.755759390229	0.731971153846	
6	0.0004	0.764218153626	0.76407967033	0.764148905704	0.814102564103	
7	0.0004	0.771072390639	0.77093349359	0.771002935859	0.81891025641	
8	0.0004	0.776457418625	0.776353276353	0.776405343997	0.819711538462	
9	0.0004	0.7807946847	0.780689102564	0.780741890063	0.819711538462	
10	0.0004	0.783630547913	0.78354458042	0.783587561808	0.812099358974	
11	0.0004	0.786357062239	0.786157852564	0.786257444783	0.814903846154	
12	0.0004	0.78880459749	0.788615631164	0.788710103008	0.818108974359	
13	0.0004	0.790350337946	0.790149954212	0.790250133377	0.810096153846	
14	0.0004	0.793109784131	0.792868589744	0.792989168597	0.830929487179	
15	0.0004	0.79466401398	0.794446113782	0.794555048941	0.818108974359	
16	0.0004	0.796969515848	0.796686463047	0.796827964311	0.832532051282	
17	0.0004	0.799399868124	0.799100783476	0.79925029782	0.840144230769	
18	0.0004	0.801387350617	0.801071187584	0.801229237911	0.836538461538	
19	0.0004	0.803290670862	0.802944711538	0.803117653943	0.838541666667	
epoch 	 learning_rate 	 Precision 	 Recall 	 F1 	 ACC1 
0	0.0004	0.832297645733	0.829326923077	0.830809628813	0.829326923077	
1	0.0004	0.826877358905	0.824519230769	0.825696611181	0.819711538462	
2	0.0004	0.831750404739	0.829326923077	0.830536896	0.838942307692	
3	0.0004	0.83545045227	0.832832532051	0.834139438101	0.843349358974	
4	0.0004	0.839044644134	0.836458333333	0.837749492615	0.850961538462	
5	0.0004	0.840977454499	0.838408119658	0.839690821633	0.848157051282	
6	0.0004	0.817571713453	0.8125	0.815027966804	0.657051282051	
7	0.0004	0.817526141052	0.811848958333	0.814677659274	0.807291666667	
8	0.0004	0.819898594929	0.81521545584	0.817550318883	0.842147435897	
9	0.0004	0.823633592039	0.819270833333	0.821446419999	0.855769230769	
10	0.0004	0.824809007753	0.820257867133	0.82252714199	0.830128205128	
11	0.0004	0.824995925403	0.821314102564	0.823150896953	0.832932692308	
12	0.0004	0.827400869449	0.823810404339	0.825601733263	0.853766025641	
13	0.0004	0.829486063745	0.826093177656	0.827786144069	0.855769230769	
14	0.0004	0.831791892884	0.828659188034	0.830222585286	0.864583333333	
15	0.0004	0.833380700155	0.830453725962	0.83191463853	0.857371794872	
16	0.0004	0.835347584727	0.832532051282	0.833937441565	0.86578525641	
17	0.0004	0.837499007589	0.834802350427	0.836148504771	0.873397435897	
18	0.0004	0.839568032354	0.836960188934	0.838262082391	0.875801282051	
19	0.0004	0.840984541849	0.838421474359	0.839701052259	0.866185897436	
epoch 	 learning_rate 	 Precision 	 Recall 	 F1 	 ACC1 
0	0.0008	0.868854341205	0.868189102564	0.868521594501	0.868189102564	
1	0.0008	0.87097624439	0.870392628205	0.870684338499	0.872596153846	
2	0.0008	0.873495157148	0.872863247863	0.873179088179	0.877804487179	
3	0.0008	0.87439251215	0.87359775641	0.873994953605	0.875801282051	
4	0.0008	0.870191210697	0.869791666667	0.869991392809	0.854567307692	
5	0.0008	0.870458593298	0.870058760684	0.870258631066	0.871394230769	
6	0.0008	0.870435864689	0.869963369963	0.870199553188	0.869391025641	
7	0.0008	0.871266957982	0.870743189103	0.871004994802	0.876201923077	
8	0.0008	0.872743994147	0.872150997151	0.872447394885	0.883413461538	
9	0.0008	0.87387017496	0.87327724359	0.873573608663	0.883413461538	
10	0.0008	0.874681441954	0.874162296037	0.874421791941	0.883012820513	
11	0.0008	0.876359034531	0.875834668803	0.876096773206	0.894230769231	
12	0.0008	0.87401940443	0.873428254438	0.873723729443	0.844551282051	
13	0.0008	0.874908972135	0.874227335165	0.874568020833	0.884615384615	
14	0.0008	0.876042039535	0.875320512821	0.87568112755	0.890625	
15	0.0008	0.876910856243	0.876201923077	0.876556246319	0.889423076923	
16	0.0008	0.87781306552	0.877121040724	0.877466916679	0.891826923077	
17	0.0008	0.878840351283	0.878138354701	0.878489212752	0.895432692308	
18	0.0008	0.879622381841	0.878943151147	0.879282635321	0.893429487179	
19	0.0008	0.87970314824	0.879046474359	0.879374688707	0.881009615385	
epoch 	 learning_rate 	 Precision 	 Recall 	 F1 	 ACC1 
0	0.001	0.876971550743	0.874599358974	0.875783848503	0.874599358974	
1	0.001	0.77465087214	0.759615384615	0.767059456066	0.644631410256	
2	0.001	0.757196937452	0.734508547009	0.745680200443	0.684294871795	
3	0.001	0.749402944267	0.727864583333	0.738476750604	0.707932692308	
4	0.001	0.74604345259	0.730368589744	0.738122812239	0.740384615385	
5	0.001	0.749166653691	0.737446581197	0.74326041844	0.772836538462	
6	0.001	0.760987338139	0.752461080586	0.756700192334	0.842548076923	
7	0.001	0.77252582193	0.766125801282	0.769312501165	0.861778846154	
8	0.001	0.782715499548	0.777510683761	0.780104410186	0.86858974359	
9	0.001	0.79117925236	0.786939102564	0.789053481162	0.871794871795	
10	0.001	0.798241126509	0.79483537296	0.796534609245	0.873798076923	
11	0.001	0.804604965759	0.801549145299	0.803074148573	0.875400641026	
12	0.001	0.810751828392	0.808123767258	0.809435664646	0.887019230769	
13	0.001	0.815882022996	0.813673305861	0.814776167569	0.885817307692	
14	0.001	0.820448302707	0.818536324786	0.819491198526	0.886618589744	
15	0.001	0.821592879042	0.820012019231	0.820801687955	0.842147435897	
16	0.001	0.819546153533	0.818486048265	0.819015757859	0.794070512821	
17	0.001	0.819475239735	0.818665420228	0.819070129813	0.82171474359	
18	0.001	0.821914947578	0.821250843455	0.821582761314	0.867788461538	
19	0.001	0.824572780375	0.823998397436	0.824285488845	0.876201923077	
epoch 	 learning_rate 	 Precision 	 Recall 	 F1 	 ACC1 
0	0.001	0.753558451654	0.748798076923	0.751170722414	0.748798076923	
1	0.001	0.758743749197	0.756209935897	0.757474723601	0.763621794872	
2	0.001	0.782788614235	0.78218482906	0.782486605174	0.834134615385	
3	0.001	0.798561916316	0.797976762821	0.798269232335	0.845352564103	
4	0.001	0.808794891846	0.808573717949	0.808684289775	0.850961538462	
5	0.001	0.803327149747	0.80328525641	0.803306202533	0.776842948718	
6	0.001	0.791115382462	0.79046474359	0.790789929194	0.713541666667	
7	0.001	0.787754396945	0.787259615385	0.787506928449	0.764823717949	
8	0.001	0.792396078859	0.79224537037	0.792320717448	0.832131410256	
9	0.001	0.798053408608	0.797996794872	0.798025100736	0.849759615385	
10	0.001	0.803414413423	0.803321678322	0.803368043196	0.856570512821	
11	0.001	0.809475135244	0.809428418803	0.80945177635	0.876602564103	
12	0.001	0.815582890149	0.815551035503	0.815566962515	0.889022435897	
13	0.001	0.81942157549	0.819368131868	0.819394852808	0.868990384615	
14	0.001	0.824506648653	0.824465811966	0.824486229804	0.895833333333	
15	0.001	0.823390839909	0.823192107372	0.823291461647	0.804086538462	
16	0.001	0.826379371751	0.826239630468	0.826309495201	0.875	
17	0.001	0.830247297671	0.830083689459	0.830165485504	0.895432692308	
18	0.001	0.834243446349	0.834092442645	0.834167937663	0.90625	
19	0.001	0.836947245789	0.836778846154	0.8368630375	0.887820512821	
epoch 	 learning_rate 	 Precision 	 Recall 	 F1 	 ACC1 
0	0.001	0.705611965806	0.703926282051	0.704768115964	0.703926282051	
1	0.001	0.662582540063	0.658653846154	0.660612352126	0.613381410256	
2	0.001	0.64210297686	0.638621794872	0.640357654706	0.598557692308	
3	0.001	0.648658021559	0.642728365385	0.645679579877	0.655048076923	
4	0.001	0.637009419164	0.628125	0.632536014121	0.569711538462	
5	0.001	0.629655869717	0.620526175214	0.625057686792	0.582532051282	
6	0.001	0.613417760806	0.607257326007	0.610321998338	0.527644230769	
7	0.001	0.610493941408	0.603415464744	0.606934065279	0.576522435897	
8	0.001	0.609116692964	0.600917022792	0.604989075763	0.580929487179	
9	0.001	0.608205673066	0.598477564103	0.603302405267	0.576522435897	
10	0.001	0.607020865307	0.595971736597	0.601445559474	0.570913461538	
11	0.001	0.607156193719	0.594918536325	0.600975072614	0.583333333333	
12	0.001	0.607457319322	0.59448964497	0.600903528736	0.589342948718	
13	0.001	0.606332527713	0.594951923077	0.600588317196	0.600961538462	
14	0.001	0.60377995744	0.593509615385	0.598600736949	0.573317307692	
15	0.001	0.599602282182	0.589643429487	0.594581157662	0.531650641026	
16	0.001	0.596684105389	0.586868401207	0.591735550394	0.542467948718	
17	0.001	0.593394050074	0.583778490028	0.58854699841	0.53125	
18	0.001	0.591505527493	0.582025978408	0.586727466014	0.550480769231	
19	0.001	0.590483374523	0.580989583333	0.58569800938	0.561298076923	
20	0.001	0.590026646999	0.580547924298	0.58524890869	0.57171474359	
21	0.001	0.58789202303	0.578471008159	0.583143467612	0.534855769231	
22	0.001	0.586107194428	0.576679208473	0.581354979934	0.537259615385	
23	0.001	0.585609675984	0.576038327991	0.580784570636	0.561298076923	
24	0.001	0.585637236126	0.575897435897	0.580726500507	0.572516025641	
25	0.001	0.586321184011	0.576368343195	0.581302164509	0.588141025641	
26	0.001	0.589105872925	0.578881766382	0.58394907074	0.644230769231	
27	0.001	0.590807308242	0.580385760073	0.585550167478	0.620993589744	
28	0.001	0.593825054737	0.583070844385	0.588398814782	0.658253205128	
29	0.001	0.596953724133	0.585964209402	0.591407919509	0.669871794872	
epoch 	 learning_rate 	 Precision 	 Recall 	 F1 	 ACC1 
0	0.001	0.736409570866	0.731971153846	0.734183654441	0.731971153846	
1	0.001	0.67771637122	0.675080128205	0.676395681042	0.618189102564	
2	0.001	0.694953048356	0.692174145299	0.693560813268	0.726362179487	
3	0.001	0.657570986037	0.655148237179	0.656357375901	0.544070512821	
4	0.001	0.641732761626	0.639182692308	0.640455188605	0.575320512821	
5	0.001	0.646567227377	0.643963675214	0.645262825057	0.667868589744	
6	0.001	0.657231323215	0.654304029304	0.655764409459	0.716346153846	
7	0.001	0.669987735964	0.667167467949	0.668574627765	0.757211538462	
8	0.001	0.680091478628	0.677172364672	0.678628782531	0.757211538462	
9	0.001	0.695251100271	0.692467948718	0.693856733608	0.830128205128	
10	0.001	0.70963558825	0.706949300699	0.708289897454	0.851762820513	
11	0.001	0.722148540923	0.719484508547	0.720814063266	0.857371794872	
12	0.001	0.733518049925	0.730954142012	0.732233851602	0.86858974359	
13	0.001	0.74402141068	0.741615155678	0.742816334498	0.880208333333	
14	0.001	0.753592336401	0.751335470085	0.752462210988	0.887419871795	
15	0.001	0.761907110415	0.759790665064	0.760847415916	0.886618589744	
16	0.001	0.76923202488	0.767345399698	0.768287554081	0.888221153846	
17	0.001	0.776114429424	0.77432781339	0.775220092024	0.893028846154	
18	0.001	0.782263221718	0.780638495277	0.781450013999	0.894230769231	
19	0.001	0.788355421364	0.786818910256	0.787586416412	0.904246794872	
epoch 	 learning_rate 	 Precision 	 Recall 	 F1 	 ACC1 
0	0.0002	0.643471412443	0.63421474359	0.638809546339	0.63421474359	
1	0.0002	0.730121116809	0.725360576923	0.72773306156	0.816506410256	
2	0.0002	0.771580020599	0.768162393162	0.769867413981	0.853766025641	
3	0.0002	0.789599412278	0.787359775641	0.788478003566	0.844951923077	
4	0.0002	0.803785619117	0.801842948718	0.802813108687	0.859775641026	
5	0.0002	0.813944138596	0.812099358974	0.813020702315	0.863381410256	
6	0.0002	0.821842809567	0.820283882784	0.821062606205	0.869391025641	
7	0.0002	0.828227488549	0.82672275641	0.827474438405	0.871794871795	
8	0.0002	0.833809397426	0.832264957265	0.833036461503	0.876602564103	
9	0.0002	0.838458219856	0.836979166667	0.837718040417	0.879407051282	
10	0.0002	0.842560268242	0.841091200466	0.841825093437	0.882211538462	
11	0.0002	0.846029237771	0.844651442308	0.845339778632	0.883814102564	
12	0.0002	0.848957930505	0.847756410256	0.848356744955	0.885016025641	
13	0.0002	0.852674299784	0.8515625	0.852118037238	0.901041666667	
14	0.0002	0.855370326268	0.854273504274	0.854821563438	0.892227564103	
15	0.0002	0.857806078006	0.856795873397	0.857300678107	0.894631410256	
16	0.0002	0.860198628593	0.859280731523	0.859739435061	0.899038461538	
17	0.0002	0.862791807505	0.861912393162	0.86235187613	0.906650641026	
18	0.0002	0.865185134592	0.864351383266	0.864768057967	0.908253205128	
19	0.0002	0.867575306572	0.866786858974	0.867180903558	0.913060897436	
epoch 	 learning_rate 	 Precision 	 Recall 	 F1 	 ACC1 
0	0.0004	0.725881263683	0.725560897436	0.725721045203	0.725560897436	
1	0.0004	0.786710343254	0.786458333333	0.786584318109	0.847355769231	
2	0.0004	0.817106564431	0.817040598291	0.817073580029	0.878205128205	
3	0.0004	0.828044862013	0.828024839744	0.828034850757	0.860977564103	
4	0.0004	0.839839855664	0.839823717949	0.839831786729	0.887019230769	
5	0.0004	0.838875685283	0.838875534188	0.838875609735	0.834134615385	
6	0.0004	0.843921924113	0.843921703297	0.843921813705	0.874198717949	
7	0.0004	0.850069592399	0.850060096154	0.85006484425	0.893028846154	
8	0.0004	0.853171363364	0.853142806268	0.853157084577	0.877804487179	
9	0.0004	0.857787137867	0.857772435897	0.857779786819	0.899439102564	
10	0.0004	0.859374893533	0.859338578089	0.859356735427	0.875	
11	0.0004	0.863137631597	0.863114316239	0.863125973761	0.904647435897	
12	0.0004	0.867814307373	0.867788461538	0.867801384263	0.923878205128	
13	0.0004	0.871160167052	0.871136675824	0.87114842128	0.914663461538	
14	0.0004	0.874575040308	0.874545940171	0.874560489997	0.922275641026	
15	0.0004	0.878910982387	0.878881209936	0.878896095909	0.94391025641	
16	0.0004	0.88349102927	0.883460595777	0.883475812261	0.956730769231	
17	0.0004	0.887739651561	0.887709223647	0.887724437343	0.959935897436	
18	0.0004	0.8921523071	0.892122132254	0.892137219422	0.971554487179	
19	0.0004	0.893492834882	0.893469551282	0.89348119293	0.919070512821	
epoch 	 learning_rate 	 Precision 	 Recall 	 F1 	 ACC1 
0	0.0002	0.605112299465	0.600961538462	0.603029776442	0.600961538462	
1	0.0002	0.706287743646	0.702323717949	0.704300153142	0.803685897436	
2	0.0002	0.758723227821	0.75641025641	0.757564976649	0.864583333333	
3	0.0002	0.77944681356	0.777844551282	0.778644858155	0.842147435897	
4	0.0002	0.796078541458	0.794711538462	0.795394452611	0.862179487179	
5	0.0002	0.807870124465	0.80655715812	0.807213107394	0.86578525641	
6	0.0002	0.818011493905	0.81684981685	0.817430242653	0.878605769231	
7	0.0002	0.826213167645	0.825070112179	0.825641244288	0.882612179487	
8	0.0002	0.832872985219	0.8317752849	0.832323773138	0.885416666667	
9	0.0002	0.837146702128	0.836177884615	0.83666201291	0.875801282051	
10	0.0002	0.841667303997	0.840690559441	0.841178648179	0.885817307692	
11	0.0002	0.845710805346	0.844784989316	0.845247643815	0.889823717949	
12	0.0002	0.849183930865	0.848218688363	0.848701035167	0.889423076923	
13	0.0002	0.851885374656	0.850932921245	0.851408881578	0.886217948718	
14	0.0002	0.854599511477	0.853605769231	0.854102351301	0.891025641026	
15	0.0002	0.857359046209	0.856395232372	0.856876868266	0.898237179487	
16	0.0002	0.8604083965	0.859469268477	0.859938576086	0.908653846154	
17	0.0002	0.863087389891	0.862157229345	0.862622058871	0.907852564103	
18	0.0002	0.865711591985	0.864836369771	0.865273759557	0.913060897436	
19	0.0002	0.868091323702	0.867247596154	0.867669254816	0.913060897436	
epoch 	 learning_rate 	 Precision 	 Recall 	 F1 	 ACC1 
0	0.0002	0.659507630194	0.655849358974	0.657673407392	0.655849358974	
1	0.0002	0.738400436816	0.736177884615	0.737287485749	0.816506410256	
2	0.0002	0.771684618273	0.770032051282	0.770857449084	0.837740384615	
3	0.0002	0.791259909272	0.789563301282	0.79041069484	0.848157051282	
4	0.0002	0.802093181358	0.800320512821	0.801205866583	0.843349358974	
5	0.0002	0.81221750392	0.810563568376	0.811389693304	0.861778846154	
6	0.0002	0.820221646811	0.818566849817	0.819393412833	0.866586538462	
7	0.0002	0.826497914347	0.824969951923	0.825733226288	0.869791666667	
8	0.0002	0.831713283088	0.830261752137	0.830986883745	0.872596153846	
9	0.0002	0.836359822065	0.834935897436	0.835647253167	0.877003205128	
10	0.0002	0.839934007398	0.838505244755	0.839219017963	0.874198717949	
11	0.0002	0.843637347594	0.84218082265	0.842908455913	0.882612179487	
12	0.0002	0.847032434969	0.845660749507	0.846346036461	0.887419871795	
13	0.0002	0.850354225738	0.849015567766	0.849684369496	0.892628205128	
14	0.0002	0.85269910663	0.851335470085	0.852016742739	0.883814102564	
15	0.0002	0.855849951466	0.854517227564	0.855183070284	0.902243589744	
16	0.0002	0.85891388717	0.857607466063	0.858260179467	0.907051282051	
17	0.0002	0.860871043081	0.859664351852	0.860267274312	0.894631410256	
18	0.0002	0.863189730999	0.861989709852	0.862589303063	0.903846153846	
19	0.0002	0.865588347621	0.864443108974	0.865015349238	0.911057692308	
epoch 	 learning_rate 	 Precision 	 Recall 	 F1 	 ACC1 
0	0.0004	0.707933893849	0.707932692308	0.707933293078	0.707932692308	
1	0.0004	0.772887173576	0.772836538462	0.772861855189	0.837740384615	
2	0.0004	0.791216484737	0.790865384615	0.791040895718	0.826923076923	
3	0.0004	0.803344409125	0.803084935897	0.803214651556	0.839743589744	
4	0.0004	0.813657105585	0.813381410256	0.813519234563	0.854567307692	
5	0.0004	0.817765131587	0.817508012821	0.81763655199	0.838141025641	
6	0.0004	0.81610827825	0.81581959707	0.815963912127	0.805689102564	
7	0.0004	0.793861342851	0.793719951923	0.793790641091	0.639022435897	
8	0.0004	0.78495469106	0.784811253561	0.784882965757	0.713541666667	
9	0.0004	0.783180948222	0.783092948718	0.783136945998	0.767628205128	
10	0.0004	0.780711691987	0.780630827506	0.780671257652	0.756009615385	
11	0.0004	0.780714481026	0.780615651709	0.78066506324	0.780448717949	
12	0.0004	0.778707056884	0.778445512821	0.778576262888	0.752403846154	
13	0.0004	0.781312194161	0.781192765568	0.7812524753	0.816907051282	
14	0.0004	0.785899289957	0.785817307692	0.785858296687	0.850560897436	
15	0.0004	0.791426280787	0.791391225962	0.791408752986	0.875	
16	0.0004	0.79725038129	0.797228506787	0.797239443888	0.890625	
17	0.0004	0.802407716946	0.80239494302	0.802401329932	0.890224358974	
18	0.0004	0.807342935738	0.807333839406	0.807338387546	0.896233974359	
19	0.0004	0.811844048428	0.811838942308	0.81184149536	0.897435897436	
epoch 	 learning_rate 	 Precision 	 Recall 	 F1 	 ACC1 
0	0.0004	0.716011427542	0.715544871795	0.715778073641	0.715544871795	
1	0.0004	0.765036333053	0.765024038462	0.765030185708	0.814503205128	
2	0.0004	0.796491879509	0.796207264957	0.796349546803	0.858573717949	
3	0.0004	0.809551342485	0.808894230769	0.809222653229	0.846955128205	
4	0.0004	0.820943736455	0.820432692308	0.820688134824	0.866586538462	
5	0.0004	0.830430658102	0.82999465812	0.830212600868	0.877804487179	
6	0.0004	0.839460246875	0.839114010989	0.839287093223	0.893830128205	
7	0.0004	0.84701112665	0.846654647436	0.846832849528	0.899439102564	
8	0.0004	0.853298066574	0.85296474359	0.853131372524	0.903445512821	
9	0.0004	0.858352088763	0.858012820513	0.858182421107	0.903445512821	
10	0.0004	0.860322895763	0.860030594406	0.860176720252	0.880208333333	
11	0.0004	0.863351937688	0.863080929487	0.863216412317	0.896634615385	
12	0.0004	0.861293860456	0.861100838264	0.861197338544	0.83733974359	
13	0.0004	0.861459463296	0.861320970696	0.861390211429	0.864182692308	
14	0.0004	0.86321011835	0.863034188034	0.863122144227	0.887019230769	
15	0.0004	0.866161247616	0.866010616987	0.866085925752	0.910657051282	
16	0.0004	0.869232988062	0.869108220211	0.869170599659	0.918669871795	
17	0.0004	0.872099993973	0.871995192308	0.872047589991	0.921073717949	
18	0.0004	0.874934826084	0.874831309042	0.874883064501	0.925881410256	
19	0.0004	0.878058946171	0.87796474359	0.878011842353	0.9375	
epoch 	 learning_rate 	 Precision 	 Recall 	 F1 	 ACC1 
0	0.0004	0.725881263683	0.725560897436	0.725721045203	0.725560897436	
1	0.0004	0.772961124176	0.771634615385	0.772297300173	0.817708333333	
2	0.0004	0.79431992818	0.793402777778	0.793861088082	0.836939102564	
3	0.0004	0.807392637767	0.806590544872	0.806991392013	0.846153846154	
4	0.0004	0.766775809134	0.764423076923	0.765597635508	0.595753205128	
5	0.0004	0.73485892458	0.732171474359	0.733512737902	0.570913461538	
6	0.0004	0.726227509625	0.722699175824	0.724459046738	0.665865384615	
7	0.0004	0.714964631577	0.710887419872	0.712920196349	0.628205128205	
8	0.0004	0.720537408233	0.716123575499	0.718323711589	0.758012820513	
9	0.0004	0.72831055878	0.723918269231	0.72610777173	0.794070512821	
10	0.0004	0.730040428617	0.725961538462	0.727995270173	0.746394230769	
11	0.0004	0.735675457882	0.731203258547	0.733432540825	0.788862179487	
12	0.0004	0.731422168566	0.726362179487	0.728883392382	0.668269230769	
13	0.0004	0.730251070661	0.724874084249	0.72755264292	0.705528846154	
14	0.0004	0.729938266935	0.724439102564	0.72717828827	0.718349358974	
15	0.0004	0.73520494725	0.729817708333	0.732501422708	0.810496794872	
16	0.0004	0.741411155136	0.736260369532	0.738826785172	0.839342948718	
17	0.0004	0.741640334425	0.736801103989	0.739212799329	0.745993589744	
18	0.0004	0.747009289348	0.742408906883	0.744701993489	0.843349358974	
19	0.0004	0.752312523376	0.747856570513	0.750077929185	0.851362179487	
epoch 	 learning_rate 	 Precision 	 Recall 	 F1 	 ACC1 
0	0.0004	0.736733008993	0.731971153846	0.73434436194	0.731971153846	
1	0.0004	0.789608752948	0.787459935897	0.788532880499	0.842948717949	
2	0.0004	0.813050206993	0.811698717949	0.812373900377	0.860176282051	
3	0.0004	0.821224756119	0.820412660256	0.820818507321	0.846554487179	
4	0.0004	0.812689457782	0.812179487179	0.812434392453	0.779246794872	
5	0.0004	0.807785732621	0.807358440171	0.807572029875	0.783253205128	
6	0.0004	0.814279580835	0.813930860806	0.814105183477	0.853365384615	
7	0.0004	0.822133567859	0.82171474359	0.82192410237	0.876201923077	
8	0.0004	0.825928061867	0.82540954416	0.825668721607	0.854967948718	
9	0.0004	0.830007092913	0.829647435897	0.829827225435	0.867788461538	
10	0.0004	0.834389461191	0.83402534965	0.834207365689	0.877804487179	
11	0.0004	0.839538153974	0.839209401709	0.839373745652	0.896233974359	
12	0.0004	0.84286724579	0.842548076923	0.842707631136	0.882612179487	
13	0.0004	0.847057706076	0.846726190476	0.846891915833	0.901041666667	
14	0.0004	0.851226931415	0.850908119658	0.85106749568	0.909455128205	
15	0.0004	0.854269029818	0.853991386218	0.854130185455	0.900240384615	
16	0.0004	0.852219955466	0.852045625943	0.852132781788	0.820913461538	
17	0.0004	0.854203255551	0.854055377493	0.854129310121	0.888221153846	
18	0.0004	0.856877432958	0.856718117409	0.856797767778	0.904647435897	
19	0.0004	0.858368655912	0.858253205128	0.858310926638	0.887419871795	
20	0.0004	0.860352784309	0.860252594628	0.860302686551	0.900240384615	
21	0.0004	0.861723510086	0.861596736597	0.861660118678	0.889823717949	
22	0.0004	0.863493592719	0.863363991081	0.863428787037	0.902243589744	
23	0.0004	0.865461577021	0.86531784188	0.865389703483	0.910256410256	
24	0.0004	0.864799790803	0.864583333333	0.864691548522	0.846955128205	
epoch 	 learning_rate 	 Precision 	 Recall 	 F1 	 ACC1 
0	0.0002	0.655825892857	0.643429487179	0.649568551963	0.643429487179	
1	0.0002	0.734035526922	0.72796474359	0.730987531151	0.8125	
2	0.0002	0.774008188686	0.768963675214	0.771477685813	0.850961538462	
3	0.0002	0.792367406892	0.788661858974	0.790510290482	0.847756410256	
4	0.0002	0.807405612787	0.804487179487	0.805943754133	0.867788461538	
5	0.0002	0.817890168909	0.815104166667	0.816494791231	0.868189102564	
6	0.0002	0.825831005321	0.82326007326	0.82454353525	0.872195512821	
7	0.0002	0.833177156878	0.830779246795	0.831976474035	0.883413461538	
8	0.0002	0.836923603296	0.834980413105	0.835950878953	0.86858974359	
9	0.0002	0.841966690947	0.840184294872	0.841074548602	0.887019230769	
10	0.0002	0.846477093401	0.844696969697	0.845586094673	0.889823717949	
11	0.0002	0.850329640889	0.84859107906	0.849459470411	0.891426282051	
12	0.0002	0.854090515822	0.852471646943	0.853280313541	0.899038461538	
13	0.0002	0.857196839194	0.855654761905	0.856425106385	0.89703525641	
14	0.0002	0.860314491695	0.858814102564	0.859563642389	0.903044871795	
15	0.0002	0.863408018347	0.861954126603	0.862680459907	0.909054487179	
16	0.0002	0.866202409608	0.864819004525	0.865510154268	0.910657051282	
17	0.0002	0.868577532323	0.867254273504	0.86791539854	0.908653846154	
18	0.0002	0.870418200019	0.869137989204	0.869777623532	0.903044871795	
19	0.0002	0.871487145834	0.870252403846	0.870869337178	0.891426282051	
epoch 	 learning_rate 	 Precision 	 Recall 	 F1 	 ACC1 
0	0.0002	0.63104302407	0.625	0.628006975057	0.625	
1	0.0002	0.71340688414	0.710136217949	0.71176779378	0.795272435897	
2	0.0002	0.757510703526	0.753872863248	0.755687405318	0.841346153846	
3	0.0002	0.781416970159	0.777644230769	0.779526035678	0.848958333333	
4	0.0002	0.796095425994	0.792548076923	0.794317790946	0.852163461538	
5	0.0002	0.806722992833	0.803352029915	0.805033982535	0.857371794872	
6	0.0002	0.817010176791	0.813930860806	0.815467611831	0.877403846154	
7	0.0002	0.816204442723	0.814102564103	0.815152148486	0.815304487179	
8	0.0002	0.821274247571	0.819132834758	0.820202143448	0.859375	
9	0.0002	0.826877471058	0.824799679487	0.825837268353	0.875801282051	
10	0.0002	0.831848395166	0.829763986014	0.830804883197	0.879407051282	
11	0.0002	0.836931934708	0.834969284188	0.835949457467	0.892227564103	
12	0.0002	0.841107622823	0.839219674556	0.840162588078	0.890224358974	
13	0.0002	0.844903630398	0.843005952381	0.843953724632	0.892227564103	
14	0.0002	0.847818579653	0.845993589744	0.846905101535	0.887820512821	
15	0.0002	0.849310769101	0.847756410256	0.848532877853	0.874198717949	
16	0.0002	0.851551004501	0.849971719457	0.850760629064	0.885416666667	
17	0.0002	0.854002557685	0.852541844729	0.85327157606	0.896233974359	
18	0.0002	0.855649386981	0.854377530364	0.855012985692	0.887419871795	
19	0.0002	0.857396992427	0.85625	0.856823112356	0.891826923077	
epoch 	 learning_rate 	 Precision 	 Recall 	 F1 	 ACC1 
0	0.0002	0.617140521392	0.611778846154	0.614447987496	0.611778846154	
1	0.0002	0.714169940099	0.710737179487	0.712449424841	0.809695512821	
2	0.0002	0.75795835355	0.755742521368	0.756848815635	0.845753205128	
3	0.0002	0.783202541497	0.781149839744	0.78217484387	0.857371794872	
4	0.0002	0.798390181867	0.796474358974	0.797431119734	0.857772435897	
5	0.0002	0.808900864923	0.806891025641	0.80789469529	0.858974358974	
6	0.0002	0.818379113331	0.816506410256	0.817441689237	0.874198717949	
7	0.0002	0.826041140807	0.824368990385	0.825204218507	0.879407051282	
8	0.0002	0.832305045872	0.830751424501	0.831527509493	0.881810897436	
9	0.0002	0.838151460657	0.836698717949	0.837424459258	0.890224358974	
10	0.0002	0.841916627696	0.840508449883	0.841211949472	0.878605769231	
11	0.0002	0.845937471596	0.844551282051	0.84524380849	0.889022435897	
12	0.0002	0.849428507268	0.84803377712	0.8487305692	0.889823717949	
13	0.0002	0.852462920591	0.851076007326	0.85176889939	0.890625	
14	0.0002	0.855776405486	0.854433760684	0.855104556046	0.901442307692	
15	0.0002	0.856953192911	0.855769230769	0.856360802619	0.875801282051	
16	0.0002	0.858968681125	0.857843137255	0.858405540236	0.891025641026	
17	0.0002	0.861722869185	0.860643696581	0.861182944798	0.908253205128	
18	0.0002	0.864210755716	0.863149460189	0.863679781921	0.908253205128	
19	0.0002	0.866811147424	0.86578525641	0.866297898196	0.915865384615	
epoch 	 learning_rate 	 Precision 	 Recall 	 F1 	 ACC1 
0	0.0004	0.701806290875	0.694711538462	0.698240892875	0.694711538462	
1	0.0004	0.761229314421	0.758814102564	0.760019789716	0.822916666667	
2	0.0004	0.789332136174	0.787793803419	0.78856221955	0.845753205128	
3	0.0004	0.798024272559	0.796474358974	0.797248562479	0.822516025641	
4	0.0004	0.806635695648	0.805048076923	0.805841104329	0.839342948718	
5	0.0004	0.816940590563	0.815304487179	0.816121718886	0.866586538462	
6	0.0004	0.821765912015	0.81994047619	0.820852179239	0.847756410256	
7	0.0004	0.829040995545	0.827473958333	0.828256735743	0.880208333333	
8	0.0004	0.835437462496	0.834134615385	0.834785530603	0.887419871795	
9	0.0004	0.837724192077	0.836658653846	0.83719108392	0.859375	
10	0.0004	0.842107711472	0.841164044289	0.841635613364	0.886217948718	
11	0.0004	0.84377230184	0.843048878205	0.843410434896	0.863782051282	
12	0.0004	0.847022671827	0.846277120316	0.84664973194	0.885016025641	
13	0.0004	0.851067503529	0.850389194139	0.850728213625	0.903846153846	
14	0.0004	0.85492432691	0.854300213675	0.854612156347	0.909054487179	
15	0.0004	0.858604929688	0.858047876603	0.858326312764	0.914262820513	
16	0.0004	0.862540755666	0.862038084465	0.862289346807	0.925881410256	
17	0.0004	0.86606914347	0.865607193732	0.865838106985	0.926282051282	
18	0.0004	0.869405064917	0.869011470985	0.869208223395	0.930288461538	
19	0.0004	0.872630266897	0.872275641026	0.872452917925	0.934294871795	
20	0.0004	0.876104382448	0.875801282051	0.87595280603	0.946314102564	
21	0.0004	0.878012951489	0.877695221445	0.877854057718	0.917467948718	
22	0.0004	0.880444253507	0.880156075808	0.880300141073	0.934294871795	
23	0.0004	0.883469212244	0.883213141026	0.883341158077	0.953525641026	
24	0.0004	0.886694472231	0.886458333333	0.886576387058	0.964342948718	
epoch 	 learning_rate 	 Precision 	 Recall 	 F1 	 ACC1 
0	0.0004	0.729988839567	0.728766025641	0.729376920087	0.728766025641	
1	0.0004	0.786957060153	0.785657051282	0.786306518388	0.842548076923	
2	0.0004	0.807573231722	0.806623931624	0.807098302534	0.848557692308	
3	0.0004	0.819423843791	0.818709935897	0.819066734282	0.854967948718	
4	0.0004	0.830200368049	0.829487179487	0.829843620535	0.872596153846	
5	0.0004	0.838754444743	0.837940705128	0.838347377472	0.880208333333	
6	0.0004	0.845594310956	0.84478021978	0.845187069333	0.885817307692	
7	0.0004	0.834728678585	0.83453525641	0.834631956291	0.762820512821	
8	0.0004	0.833223624269	0.833199786325	0.833211705127	0.822516025641	
9	0.0004	0.834463835674	0.834334935897	0.834399380807	0.844551282051	
10	0.0004	0.838912483793	0.838760198135	0.838836334052	0.883012820513	
11	0.0004	0.841517453228	0.84141292735	0.841465187043	0.870592948718	
12	0.0004	0.844808811564	0.844705374753	0.844757089992	0.88421474359	
13	0.0004	0.843624227214	0.843578296703	0.843601261333	0.828926282051	
14	0.0004	0.843301160637	0.843295940171	0.843298550396	0.839342948718	
15	0.0004	0.845177262644	0.84515224359	0.845164752932	0.872996794872	
16	0.0004	0.84792529932	0.847874245852	0.847899771817	0.891426282051	
17	0.0004	0.851219187114	0.851161858974	0.851190522079	0.907051282051	
18	0.0004	0.854318808372	0.854251012146	0.854284908914	0.909855769231	
19	0.0004	0.856636687933	0.856570512821	0.856603599099	0.900641025641	
20	0.0004	0.859141718769	0.859069749695	0.859105732725	0.909054487179	
21	0.0004	0.861628753274	0.86154210373	0.861585426323	0.913461538462	
22	0.0004	0.864183519972	0.864095596433	0.864139555966	0.920272435897	
23	0.0004	0.866990649716	0.866903712607	0.866947178982	0.931490384615	
24	0.0004	0.869593994171	0.869503205128	0.86954859728	0.931891025641	
epoch 	 learning_rate 	 Precision 	 Recall 	 F1 	 ACC1 
0	0.0004	0.728517999065	0.725961538462	0.727237522086	0.725961538462	
1	0.0004	0.783457068503	0.78265224359	0.783054449246	0.839342948718	
2	0.0004	0.804622198407	0.804086538462	0.804354279254	0.846955128205	
3	0.0004	0.816177840052	0.815204326923	0.81569079302	0.848557692308	
4	0.0004	0.823705312623	0.822916666667	0.823310800785	0.853766025641	
5	0.0004	0.833087895065	0.832198183761	0.83264280174	0.878605769231	
6	0.0004	0.839543675413	0.838713369963	0.839128317294	0.877804487179	
7	0.0004	0.844158156185	0.843349358974	0.843753563758	0.875801282051	
8	0.0004	0.849241575806	0.84837962963	0.848810383897	0.888621794872	
9	0.0004	0.853029143441	0.852163461538	0.852596082748	0.886217948718	
10	0.0004	0.853847886648	0.853074009324	0.853460772557	0.862179487179	
11	0.0004	0.857271549152	0.856537126068	0.856904180248	0.894631410256	
12	0.0004	0.860738046265	0.86005300789	0.860395390722	0.902243589744	
13	0.0004	0.863779924805	0.863095238095	0.863437445715	0.902644230769	
14	0.0004	0.867096865786	0.866452991453	0.866774809046	0.913461538462	
15	0.0004	0.870097181347	0.869491185897	0.869794078071	0.915064102564	
16	0.0004	0.872512246698	0.871959841629	0.872235956701	0.911458333333	
17	0.0004	0.875385449402	0.874844195157	0.875114738589	0.923878205128	
18	0.0004	0.878136676603	0.877635796221	0.877886164968	0.927884615385	
19	0.0004	0.880742567082	0.880288461538	0.880515455761	0.930689102564	
20	0.0004	0.883117498111	0.882688492063	0.882902942973	0.930689102564	
21	0.0004	0.885678059343	0.885270979021	0.885474472395	0.939503205128	
22	0.0004	0.887934696454	0.887559225195	0.887746921123	0.937900641026	
23	0.0004	0.889784698371	0.889439770299	0.8896122009	0.932692307692	
24	0.0004	0.891694660026	0.891362179487	0.891528388758	0.9375	
epoch 	 learning_rate 	 Precision 	 Recall 	 F1 	 ACC1 
0	0.0008	0.716884720334	0.714743589744	0.715812553911	0.714743589744	
1	0.0008	0.714692391776	0.712740384615	0.713715053515	0.710737179487	
2	0.0008	0.745861739099	0.744791666667	0.745326318805	0.808894230769	
3	0.0008	0.770014370264	0.769631410256	0.769822842633	0.844150641026	
4	0.0008	0.789168216146	0.788862179487	0.789015168141	0.86578525641	
5	0.0008	0.802655038624	0.802550747863	0.802602889856	0.870993589744	
6	0.0008	0.814212370585	0.814159798535	0.814186083711	0.883814102564	
7	0.0008	0.823594591158	0.823567708333	0.823581149526	0.889423076923	
8	0.0008	0.831439969478	0.831419159544	0.831429564381	0.894230769231	
9	0.0008	0.839043342247	0.839022435897	0.839032888942	0.907451923077	
10	0.0008	0.843914673778	0.843895687646	0.843905180605	0.892628205128	
11	0.0008	0.84797982386	0.847956730769	0.847968277157	0.892628205128	
12	0.0008	0.852591113036	0.852564102564	0.852577607586	0.907852564103	
13	0.0008	0.857517762976	0.857486263736	0.857502013067	0.921474358974	
14	0.0008	0.857636554622	0.857532051282	0.857584299768	0.858173076923	
15	0.0008	0.861551502481	0.861478365385	0.861514932381	0.920673076923	
16	0.0008	0.864930612301	0.864866138763	0.86489837433	0.919070512821	
17	0.0008	0.868181591238	0.86812232906	0.868151959138	0.923477564103	
18	0.0008	0.871534532523	0.871478576248	0.871506553487	0.931891025641	
19	0.0008	0.875215185845	0.87516025641	0.875187720266	0.945112179487	
epoch 	 learning_rate 	 Precision 	 Recall 	 F1 	 ACC1 
0	0.0008	0.924300912469	0.924278846154	0.92428987918	0.924278846154	
1	0.0008	0.929901345464	0.929887820513	0.929894582939	0.935496794872	
2	0.0008	0.932959401709	0.932959401709	0.932959401709	0.939102564103	
3	0.0008	0.935500220146	0.935496794872	0.935498507506	0.943108974359	
4	0.0008	0.938707883292	0.938701923077	0.938704903175	0.951522435897	
5	0.0008	0.935246126366	0.935229700855	0.935237913538	0.917868589744	
6	0.0008	0.937572147424	0.937557234432	0.937564690869	0.951522435897	
7	0.0008	0.940222416273	0.940204326923	0.940213371511	0.958733974359	
8	0.0008	0.942412939188	0.942396723647	0.942404831348	0.959935897436	
9	0.0008	0.943839064807	0.943830128205	0.943834596485	0.956730769231	
10	0.0008	0.943369124666	0.943363927739	0.943366526195	0.938701923077	
11	0.0008	0.943911396469	0.94391025641	0.943910826439	0.949919871795	
12	0.0008	0.944006762133	0.944002712032	0.944004737078	0.945112179487	
13	0.0008	0.942422166969	0.942422161172	0.942422164071	0.921875	
14	0.0008	0.942575640059	0.942574786325	0.942575213192	0.944711538462	
15	0.0008	0.942558203943	0.942558092949	0.942558148446	0.942307692308	
16	0.0008	0.943109009798	0.943108974359	0.943108992079	0.951923076923	
17	0.0008	0.943554257625	0.943554131054	0.94355419434	0.951121794872	
18	0.0008	0.945597280114	0.945597165992	0.945597223053	0.982371794872	
19	0.0008	0.947616272834	0.947616185897	0.947616229366	0.985977564103	
epoch 	 learning_rate 	 Precision 	 Recall 	 F1 	 ACC1 
0	0.0004	0.693607182637	0.691506410256	0.692555203348	0.691506410256	
1	0.0004	0.762809200954	0.761618589744	0.762213430402	0.831730769231	
2	0.0004	0.79386340824	0.792735042735	0.793298824249	0.854967948718	
3	0.0004	0.805688261868	0.804286858974	0.804986950495	0.838942307692	
4	0.0004	0.817511281691	0.816346153846	0.816928302334	0.864583333333	
5	0.0004	0.825571492443	0.824452457265	0.825011595393	0.864983974359	
6	0.0004	0.83085692596	0.829899267399	0.830377820568	0.862580128205	
7	0.0004	0.836178801245	0.835136217949	0.83565718441	0.871794871795	
8	0.0004	0.841392928906	0.840322293447	0.840857270376	0.881810897436	
9	0.0004	0.846473458086	0.845432692308	0.845952755086	0.891426282051	
10	0.0004	0.851167141031	0.850233100233	0.850699864246	0.898237179487	
11	0.0004	0.851140944492	0.850360576923	0.850750581756	0.851762820513	
12	0.0004	0.851581533204	0.850745808679	0.8511634658	0.855368589744	
13	0.0004	0.854520468159	0.853766025641	0.854143080305	0.893028846154	
14	0.0004	0.858082447765	0.857425213675	0.857753704822	0.908653846154	
15	0.0004	0.860708084665	0.860126201923	0.860417044915	0.900641025641	
16	0.0004	0.863540801314	0.86300433635	0.863272485488	0.909054487179	
17	0.0004	0.865287684043	0.864716880342	0.865002188026	0.893830128205	
18	0.0004	0.864541060552	0.86397182861	0.864256350851	0.850560897436	
19	0.0004	0.866546029658	0.865985576923	0.866265712641	0.904246794872	
20	0.0004	0.86889788515	0.868360805861	0.868629262485	0.915865384615	
21	0.0004	0.87143814655	0.870957167832	0.871197590805	0.925480769231	
22	0.0004	0.874259431408	0.873832915273	0.874046121308	0.937099358974	
23	0.0004	0.877021647313	0.876635950855	0.876828756669	0.941105769231	
24	0.0004	0.879391687422	0.879038461538	0.879215039003	0.936698717949	
epoch 	 learning_rate 	 Precision 	 Recall 	 F1 	 ACC1 
0	0.0002	0.856707564085	0.856571494525	0.856639523902	0.856570512821	
1	0.0002	0.867892290014	0.867839147281	0.867865717834	0.879106570513	
2	0.0002	0.874581546602	0.874549744079	0.874565645052	0.887970753205	
3	0.0002	0.880243236887	0.880208813671	0.880226024943	0.897185496795	
4	0.0002	0.885800577314	0.885777633695	0.885789105356	0.908052884615	
5	0.0002	0.89124743729	0.891226333306	0.891236885173	0.918469551282	
6	0.0002	0.896069169791	0.896048329732	0.89605874964	0.924979967949	
7	0.0002	0.901141789707	0.901123390109	0.901132589814	0.936648637821	
8	0.0002	0.90635450627	0.906339341394	0.906346923769	0.948066907051	
9	0.0002	0.911606920596	0.911593836212	0.911600378357	0.958884214744	
10	0.0002	0.916223064494	0.916211659151	0.916217361787	0.962389823718	
11	0.0002	0.920682369418	0.920673313553	0.920677841463	0.969751602564	
12	0.0002	0.924925702439	0.924918540788	0.9249221216	0.975861378205	
13	0.0002	0.92889243331	0.928886409994	0.928889421643	0.98046875	
14	0.0002	0.932340334171	0.932335245665	0.932337789911	0.980618990385	
15	0.0002	0.935689303096	0.935684761491	0.935687032288	0.985927483974	
16	0.0002	0.938791247498	0.938787504636	0.938789376064	0.988431490385	
17	0.0002	0.941640636019	0.94163731685	0.941638976432	0.990084134615	
18	0.0002	0.944224312224	0.944221412862	0.944222862541	0.990735176282	
19	0.0002	0.946604709642	0.946602186913	0.946603448276	0.991836939103	
20	0.0002	0.948806277374	0.94880391976	0.948805098566	0.992838541667	
21	0.0002	0.950821272604	0.950819151013	0.950820211807	0.993139022436	
22	0.0002	0.95265458737	0.952652614101	0.952653600734	0.992988782051	
23	0.0002	0.954347650154	0.954345808631	0.954346729392	0.993289262821	
24	0.0002	0.955859234334	0.955857474883	0.955858354608	0.992137419872	
epoch 	 learning_rate 	 Precision 	 Recall 	 F1 	 ACC1 
0	0.0004	0.779650308702	0.779647435897	0.779648872297	0.779647435897	
1	0.0004	0.822155925482	0.822115384615	0.822135654549	0.864583333333	
2	0.0004	0.84272895916	0.842681623932	0.842705290881	0.883814102564	
3	0.0004	0.857509269704	0.857471955128	0.85749061201	0.901842948718	
4	0.0004	0.87062174173	0.870592948718	0.870607344986	0.923076923077	
5	0.0004	0.881577149651	0.881543803419	0.881560476219	0.936298076923	
6	0.0004	0.891687250623	0.89165521978	0.891671234914	0.952323717949	
7	0.0004	0.899713278225	0.899689503205	0.899701390558	0.955929487179	
8	0.0004	0.906847824204	0.906828703704	0.906838263853	0.963942307692	
9	0.0004	0.911997389734	0.911979166667	0.911988278109	0.958333333333	
10	0.0004	0.917009707479	0.916994463869	0.917002085611	0.967147435897	
11	0.0004	0.920721997784	0.920706463675	0.920714230664	0.961538461538	
12	0.0004	0.923310383387	0.92329265286	0.923301518038	0.954326923077	
13	0.0004	0.925960099616	0.925938644689	0.925949372028	0.960336538462	
14	0.0004	0.928916614831	0.92889957265	0.928908093662	0.970352564103	
15	0.0004	0.932756002581	0.932742387821	0.932749195151	0.990384615385	
16	0.0004	0.936522346091	0.936510180995	0.936516263504	0.996794871795	
17	0.0004	0.939959298223	0.939948361823	0.939953829991	0.998397435897	
18	0.0004	0.942971076769	0.942961369771	0.942966223245	0.997195512821	
19	0.0004	0.945762180452	0.945753205128	0.945757692769	0.998798076923	
20	0.0004	0.948287485255	0.948279151404	0.948283318311	0.998798076923	
21	0.0004	0.950419197155	0.950411567599	0.950415382362	0.995192307692	
22	0.0004	0.952470334096	0.952463071349	0.952466702709	0.997596153846	
23	0.0004	0.954433666404	0.954427083333	0.954430374858	0.999599358974	
24	0.0004	0.956175855635	0.956169871795	0.956172863706	0.997996794872	
epoch 	 learning_rate 	 Precision 	 Recall 	 F1 	 ACC1 
0	0.0002	0.779251277224	0.779246794872	0.779249036042	0.779246794872	
1	0.0002	0.8174791204	0.817307692308	0.817393397366	0.855368589744	
2	0.0002	0.836174297759	0.836137820513	0.836156058738	0.873798076923	
3	0.0002	0.849504701945	0.849459134615	0.849481917669	0.889423076923	
4	0.0002	0.85870429263	0.858653846154	0.858679068651	0.895432692308	
5	0.0002	0.867769077454	0.867721688034	0.867745382097	0.913060897436	
6	0.0002	0.876529854212	0.876488095238	0.876508974228	0.929086538462	
7	0.0002	0.883801759508	0.883764022436	0.883782890569	0.934695512821	
8	0.0002	0.890312686575	0.890268874644	0.890290780071	0.942307692308	
9	0.0002	0.897074456418	0.89703525641	0.897054855986	0.957932692308	
10	0.0002	0.903002821258	0.902972027972	0.902987424353	0.96233974359	
11	0.0002	0.909048693087	0.909021100427	0.909034896548	0.975560897436	
12	0.0002	0.914347887412	0.914324457594	0.914336172353	0.97796474359	
13	0.0002	0.919230519417	0.919213598901	0.919222059081	0.982772435897	
14	0.0002	0.92357627734	0.923557692308	0.92356698473	0.984375	
15	0.0002	0.927125111491	0.927108373397	0.927116742369	0.980368589744	
16	0.0002	0.93067931355	0.930665535445	0.930672424446	0.987580128205	
17	0.0002	0.934018112224	0.934005519943	0.934011816041	0.99078525641	
18	0.0002	0.936858077309	0.936846322537	0.936852199886	0.987980769231	
19	0.0002	0.938992518626	0.938982371795	0.938987445183	0.979567307692	
20	0.0002	0.941343204718	0.94133470696	0.94133895582	0.988381410256	
21	0.0002	0.943426339944	0.943418560606	0.943422450259	0.987179487179	
22	0.0002	0.94548525769	0.945477982163	0.945481619912	0.99078525641	
23	0.0002	0.947455734123	0.947449252137	0.947452493119	0.992788461538	
24	0.0002	0.949317001785	0.949310897436	0.949313949601	0.993990384615	
